762
138
494
463
929
929
368
568
303
27
233
335
755
526
742
510
649
317
961
186
70
184
950
572
251
663
568
227
970
278
76
152
642
519
68
186
450
250
351
57
901
984
602
782
201
893
817
676
982
675
636
372
454
792
665
367
821
204
11
822
710
465
680
90
376
758
762
925
456
38
542
179
12
83
928
8
771
123
965
240
343
150
472
463
870
900
414
15
663
978
708
250
652
681
200
314
240
20
560
513
551
22
530
606
209
224
358
617
6
366
314
106
748
525
149
783
76
305
217
396
245
391
42
216
160
425
619
151
225
804
604
529
214
978
708
620
910
903
737
574
804
577
449
26
276
664
207
326
831
563
380
272
957
362
516
583
84
679
109
334
930
899
608
275
950
957
21
462
379
482
751
123
213
96
354
841
343
962
491
174
297
174
475
970
443
239
976
589
129
985
436
64
574
30
551
131
503
742
526
270
574
480
188
240
183
924
529
405
721
45
486
266
250
128
694
770
1
351
328
537
727
655
481
441
320
649
868
991
625
612
94
324
423
838
299
652
508
810
450
585
897
974
373
273
522
50
375
112
665
639
733
434
134
681
522
502
895
120
234
945
880
53
53
389
736
463
16
157
732
286
904
36
440
161
191
147
838
281
219
84
227
111
372
557
328
51
962
501
926
947
620
172
38
748
755
928
799
567
173
590
127
251
753
426
52
281
126
725
233
576
724
390
795
281
263
58
85
339
222
226
682
79
105
659
630
51
251
902
14
531
331
501
58
447
491
863
487
968
201
810
990
235
819
786
826
578
806
509
782
120
608
676
692
322
998
683
486
862
599
401
727
56
118
698
554
576
467
408
93
934
116
490
263
204
199
976
13
607
655
894
541
756
582
691
819
961
224
655
990
264
888
435
412
172
463
204
507
16
844
739
827
400
481
578
1000
101
278
748
212
171
701
87
629
642
475
387
903
279
896
9
37
738
348
265
789
548
273
349
849
691
660
294
370
246
148
528
967
423
329
401
824
555
649
550
722
980
880
254
727
351
170
652
754
930
489
43
594
678
835
493
12
565
110
136
872
518
435
443
655
553
507
139
911
722
260
161
254
90
601
78
748
742
239
48
173
735
583
970
547
394
827
446
976
672
414
208
127
756
373
911
735
988
246
142
333
283
609
809
629
998
932
962
314
709
185
252
968
885
159
527
44
712
569
189
832
701
855
885
779
201
409
927
453
877
282
459
353
990
897
497
422
937
392
934
570
520
751
861
426
1000
547
660
611
276
719
454
784
858
257
645
843
258
864
430
911
311
750
204
850
80
83
173
487
930
894
949
96
889
825
125
411
953
935
642
545
30
882
233
413
817
962
392
17
746
947
911
554
741
111
900
675
983
607
687
563
664
929
349
781
102
241
557
604
850
688
266
871
492
554
684
362
127
550
134
400
886
697
272
853
768
970
972
585
863
947
308
603
627
813
640
380
794
743
9
688
579
554
724
150
855
899
654
62
351
322
657
32
908
434
773
534
22
931
13
701
810
217
524
277
97
912
739
196
85
273
119
769
490
95
832
215
273
895
156
545
472
464
733
824
881
126
940
488
425
572
622
485
454
736
353
269
220
876
564
825
748
26
945
185
316
254
218
454
891
303
637
277
562
745
615
949
205
242
65
892
925
722
165
996
118
10
313
333
568
445
699
691
416
808
48
650
591
899
868
617
938
608
661
44
206
879
368
250
861
991
117
750
64
200
287
575
219
793
418
327
939
698
209
722
809
410
973
738
68
733
668
350
929
335
726
622
615
766
981
757
173
357
42
632
46
516
56
788
355
407
293
526
507
270
475
421
490
590
90
389
133
736
53
290
108
545
895
451
809
163
392
293
581
11
367
286
604
31
298
306
593
772
677
923
252
98
630
747
303
624
795
408
289
83
725
564
361
364
752
990
292
519
42
219
311
521
65
18
511
630
579
347
137
359
142
896
486
665
694
165
411
315
592
590
349
745
567
721
837
379
39
378
534
841
124
550
757
656
587
579
207
175
223
837
792
613
235
131
800
298
270
375
770
629
989
150
14
214
290
848
561
732
730
189
701
472
562
691
384
822
910
215
713
322
704
360
543
176
588
159
137
36
212
442
749
319
732
774
917
978
892
488
946
737
731
341
605
415
930
578
222
698
982
354
954
646
354
749
425
140
320
92
254
342
339
844
526
352
473
522
882
446
36
621
835
604
962
73
194
211
834
998
561
126
567
96
21
608
713
928
157
298
292
790
946
54
667
980
672
146
672
259
684
753
478