1554
8875
4994
96
4482
9789
3552
6164
9284
6054
6635
3910
5021
9284
199
4733
1819
7667
7239
278
8548
5734
6752
5739
2715
1312
3098
4628
2940
9534
4175
5511
4804
2181
2290
7693
4449
6996
3155
4736
4266
2793
4807
8345
5331
3495
5878
759
6047
3945
3538
9534
2506
1789
1746
9220
7288
7993
6325
2293
4160
7069
8451
7122
9478
4254
5199
9503
26
786
1969
5394
1743
8558
8158
1086
6608
1819
9429
6204
4183
9876
2322
7286
9162
6870
1142
5008
4471
7584
291
8888
7780
8802
8175
6759
6545
784
322
4605
25
8615
9727
9384
6859
1480
1769
5769
3556
9075
8263
7679
4428
3996
1030
6102
1429
4306
9843
7950
6327
6408
3095
5377
2325
8597
2471
1337
8754
9141
7284
4404
5579
2501
4720
7223
9771
5461
2624
9823
7886
7230
4156
9565
5762
3026
178
1622
3655
6162
9846
8137
671
7832
7568
2283
3940
9145
6921
1066
389
8218
2959
7259
3974
3126
8896
6674
4306
3583
9617
7551
6641
2617
4333
8154
5982
1864
215
8849
6946
1899
9963
2377
8437
9805
6375
6446
8801
3047
3694
1988
1490
6756
8789
7815
7309
5974
2190
3459
7128
5123
4448
1238
993
9203
9896
5311
341
1316
2071
9483
8458
8641
3632
9867
6544
5130
6441
3509
5377
8531
6642
803
5433
4806
2938
9720
4201
3049
2417
9008
2902
2378
2222
2925
1063
8998
9176
2095
6235
6844
4340
4193
3063
4619
2734
8089
8560
7008
7168
2019
6637
5998
235
7405
3410
6379
2054
1354
9573
7100
9880
8137
8331
1625
9858
104
4024
4341
1889
2649
1754
5469
5723
8306
7055
862
4295
1071
2457
7483
2518
2072
1719
3568
3938
2521
7322
7140
9456
5638
6415
5326
5383
5825
6116
9209
1705
3887
9383
9411
1765
749
1371
9053
1438
3190
7641
6471
5699
9788
7371
4291
1492
8092
6948
7684
34
957
847
7716
4540
5631
9864
9418
6126
9510
8044
4267
5158
957
7710
8447
1493
2762
8849
9146
6820
5956
2701
6907
980
9068
7087
7856
8147
3018
7046
4713
5285
1268
4540
6468
4446
4309
6897
4440
8175
6028
3111
6196
5384
7077
4203
5653
5224
3910
2998
9108
8954
8872
2621
1422
9046
9516
5562
4185
2656
4499
6756
2610
2167
9183
1496
6924
9305
8304
8828
3226
5870
1819
4811
8099
5376
8335
3567
6302
9429
6268
1368
6919
1229
1165
7981
1610
5505
203
3872
8435
4625
8047
1583
6320
5956
8308
9712
1608
9563
3228
4689
3808
59
9705
2047
800
8490
5593
2209
5440
1729
588
2116
247
7493
3733
9451
4694
6600
3980
1632
197
9799
2750
6436
7542
6977
7122
1115
5656
6587
2568
5556
4223
6575
2303
8932
5360
6781
9331
3032
9290
6638
9644
4710
7132
9846
4100
7171
5490
3737
9875
3109
8546
9661
7020
3233
4259
7640
311
4624
4613
1309
1631
4547
3086
6916
1839
2533
1006
377
3778
8450
3342
1988
3347
7612
5376
6336
6204
4072
1082
9265
9583
2223
2308
988
9132
2027
9619
974
1537
9796
4180
8823
3772
5238
3824
3128
1325
5673
5732
9141
3813
7311
7238
2913
726
2097
8652
2467
5168
3841
2340
9810
4842
6406
9871
9196
343
4635
2339
9570
756
1510
443
4639
6651
9457
1009
6224
3949
1123
7634
451
5984
7944
7656
3790
2266
2440
2698
5982
5805
4561
5691
406
1319
8310
5268
7735
6439
3424
2445
5071
4463
5291
963
1244
2518
9080
6029
1339
6004
4092
9997
7560
8369
1187
6992
2079
4080
7124
3212
9673
9543
64
88
3895
7610
1879
6510
7835
347
4678
5273
5410
8930
9160
2408
3114
5699
5694
8235
6590
2394
3037
3900
9339
6503
4464
8788
5850
7690
5241
991
2910
4107
610
4612
7303
3218
2175
9508
7776
9364
4281
4576
5708
4688
4805
5335
1362
7014
7771
9739
7630
144
4181
3613
8983
8105
6105
1433
8826
4210
5445
2865
561
1746
5782
1179
5491
8791
5959
9553
6145
5113
3833
7833
4967
3240
801
1954
8723
1949
8351
7961
871
382
377
6087
9685
9324
2500
4992
5690
7250
6323
7279
7624
1746
5046
1653
2685
9073
9442
8036
3241
892
5040
9285
3
4839
2221
8971
5459
5281
9271
9961
6329
5729
7516
422
8254
8860
9321
4523
5597
9099
956
6386
3663
3711
510
2899
8326
2276
6667
7134
9289
1587
9233
8535
3154
9899
1071
1176
2297
8374
5280
7888
9755
5670
4969
7088
8716
5058
7369
1305
5751
4579
8493
2743
1519
1488
6510
4136
4206
9907
8526
8398
1492
8021
2770
687
8671
44
6269
4963
9124
593
9292
9026
1301
2511
2233
3148
5301
7245
658
6020
3831
963
8869
426
9365
7012
4615
1840
4432
4478
2247
4117
7461
8570
7898
290
4704
8542
3471
2168
3098
9266
8814
5227
2123
3389
9263
5793
9136
9203
8926
8160
9549
6016
1189
7810
3873
1493
8831
5006
1989
5732
5234
2548
8998
1546
2257
2511
811
4238
5919
6406
4956
1
1823
4338
8100
3983
7389
1734
2129
7339
5955
7081
9491
3935
2241
4538
7530
8482
6560
1078
8852
3110
9938
6070
37
7301
7100
2387
4095
2946
7581
5576
9831
7022
9386
8064
5103
4107
9808
7217
2566
9407
2403
1783
9269
821
6022
8691
634
7856
8934
4419
3294
7254
8693
8785
9501
1192
3169
9388
5361
1899
1302
4528
3338
1659
5536
1037
909
2516
7046
8654
6811
7957
8045
5026
7540
6909
3139
5261
7497
8256
5352
4415
9283
4166
1206
6138
604
6388
1705
9803
6109
5706
3674
7916
26
8806
7447
6005
6779
7693
3775
9726
4287
1880
1456
2175
7338
717
4032
1343
7816
1982
9888
307
3551
8352
9981
2653
7772
8432
9506
5990
5967
1419
153
9868
6000
5868
9600
56
3633
4245
8229
5992
6778
2002
9215
9695
7302
215
215
356
9556
8371
1910
2467
5356
5404
7736
451
6132
4879
3687
4853
8592
6399
3806
7807
6107
5036
8413
4287
6363
7860
7791
6947
4985
5744
6643
5478
478
2396
8448
6732
2048
196
5966
4060
3664
6820
6616
1973
5838
7081
4301
3465
8580
1047
7767
1089
401
3965
8119
1294
1614
8374
6737
9320
7397
2822
4569
9451
5021
4469
685
6929
745
1802
591
1685
9475
4757
7444
5817
313
9237
7482
8893
9371
2868
6957
6459
8144
7016
1440
5796
5990
4842
6235
3247
2550
1813
6416
940
6735
8869
4781
8171
6979
1769
1613
514
987
7192
4767
868
961
953
3232
8419
3743
6522
2319
5555
5378
6319
840
2602
382
7898
4445
3333
5579
5926
2793
60
8520
4921
1049
5175
775
7382
3510
3690
7693
8178
4289
6824
4319
2426
6371
2794
4371
2788
776
5113
3492
1804
1547
8650
1390
9638
1164
6992
3574
4831
4015
3075
5727
6023
447
5077
3289
1409
7763
7926
1234
6943
115
5556
4293
6379
6129
849
1994
5410
378
7011
1676
3926
2438
3358
4023
4420
9550
5645
6570
1513
168
3470
1075
1376
4492
3638
7395
9393
5377
1373
9801
6267
279
3742
8414
3701
3946
9920
369
3544
6546
5720
8008
2520
6425
8660
9325
7719
5071
9320
7996
4421
1683
5940
8531
1743
8690
1831
6500
8205
762
215
8518
7574
1893
4413
6435
8141
7928
9979
2339
21
9182
2985
9733
8448
7806
8268
5744
624
9525
2934
272
3676
5711
777
7738
9725
9685
7198
124
8423
1566
438
5026
5544
9295
4557
2754
1577
8365
7186
6804
5494
4508
991
8680
6073
8892
6125
5833
5837
6840
1793
2634
608
6795
9093
6357
7589
1206
1993
9241
151
5170
5147
2652
8568
2778
3242
4330
6499
6355
1889
4167
3789
3487
3680
8090
9212
1477
187
7795
5038
2697
7189
4690
4248
4122
6253
1975
4599
253
3907
954
1911
4947
5282
7443
4331
3389
3054
5983
3913
5327
4999
3730
849
4137
9206
2267
3099
2123
9194
2584
7032
5185
6147
1585
3202
7171
9628
3948
7615
1245
4201
5119
4882
8437
9597
1429
6755
2780
2967
2295
5557
1556
4027
3873
9512
7715
5308
1422
7771
5386
7474
9965
6492
8306
2732
202
9455
244
2604
3872
5870
5331
6839
3328
4580
1429
5716
9923
5995
7354
4022
5795
8471
5678
3935
4670
2345
5109
4927
2244
7547
4330
9181
6039
6351
44
2202
4563
6262
4680
5543
5317
9585
7273
2737
9310
5291
6376
8357
7420
9256
5383
2752
8006
6710
593
2951
2120
224
790
3741
7260
1088
8119
3707
2166
9213
3798
7718
904
1074
3625
7792
7365
164
4542
1907
1699
762
15
7693
9169
812
1183
1503
1311
9625
8803
4228
5594
2893
8284
7768
6330
1918
5037
9862
6070
6526
5693
3697
3906
3987
2845
7363
8345
5578
5798
5439
5085
214
4971
5078
9202
995
3874
6911
5265
1654
382
4753
5219
3569
1737
810
8243
2680
8941
530
8066
9790
2513
4523
1483
5916
3420
3169
6507
6252
9341
5354
8291
2906
8219
6744
2079
7433
7941
8593
3150
6187
8326
5847
7477
5352
1608
3530
7545
9239
3217
1771
235
46
2913
5269
6088
8156
2274
991
1041
2096
8643
2263
6830
2708
4239
8855
6881
5743
9025
282
4806
8282
361
4864
825
1587
5733
930
8255
6579
6455
4933
381
5939
2589
6014
6036
9257
8980
3944
8541
8012
7139
6589
8387
7375
3955
2497
4942
155
5305
8482
2239
4786
3956
3881
3772
8166
2280
238
1210
4125
1215
9821
2864
6155
7012
4376
3585
3153
8369
8912
7570
6012
8514
6759
209
7242
532
184
8931
2516
9655
7647
4847
5671
799
8476
1070
4681
9453
2011
6394
8507
131
5396
7532
8278
7492
2298
8989
6193
4460
7014
2768
2212
6003
500
3557
2529
980
7920
2332
4841
1075
6570
1540
9717
6988
9226
3950
2462
3407
5467
3776
1367
4284
6175
5715
2859
8238
6805
1081
9736
4953
4057
9274
1900
2499
8255
7539
4022
9679
3537
7821
5579
5018
3035
7404
6566
8676
5038
4166
3148
7396
6923
4152
5976
2723
2681
6154
3966
6275
3398
7650
6186
3930
8593
2027
8656
5450
7914
2746
6931
3733
9617
3117
6570
7938
4381
4078
8379
9855
6856
6890
2166
702
7380
6844
6247
9074
6938
240
3238
3866
4076
8343
1342
5487
8348
8278
6958
7663
549
3608
9879
5252
3870
6140
7372
4246
3715
1027
1356
7296
7140
4922
7556
3997
8155
6071
6520
7521
8910
8559
2445
5313
537
3115
3846
505
2049
4793
2704
1194
5136
2714
3064
3379
8896
8922
4865
5136
1281
5863
9890
5122
5245
6504
3336
4197
8094
6809
3164
6615
290
9468
7648
2108
1916
2336
9268
1500
1898
3647
4038
1927
1965
8416
6445
7574
4387
3878
6861
322
3940
6795
6503
8992
1606
3687
3697
246
7417
1632
2433
2948
933
6850
2628
1155
9569
2616
5013
100
6834
6454
8616
9099
2543
3192
595
6895
3603
1685
99
4853
613
4549
3543
4968
1287
5878
4470
6918
6981
7835
1559
4454
5441
8439
1713
5807
5485
4887
7748
2960
4928
2523
5119
3417
186
9972
6053
9632
8867
854
4992
2095
4290
4915
266
634
4140
9262
45
7829
3601
4590
9987
2593
2314
3760
5114
9134
3342
4855
7026
8323
2336
6368
2500
7103
6846
4844
6812
2485
5402
257
2954
3306
6594
7616
5827
1645
5834
9971
7667
9527
5463
4811
945
3639
6037
1040
8233
6791
6065
6189
8959
9709
4529
4071
1789
9736
8545
5185
756
5985
898
5212
4371
9632
1289
3717
7671
1760
5763
8266
9449
1491
4960
308
8497
4591
571
6349
1859
2934
1393
9304
9456
2103
2875
674
8729
8665
2735
2314
4250
8539
6400
9864
2960
8970
6915
333
720
8597
1408
1287
3896
5815
577
5120
4353
5786
3901
9305
43
9543
6319
5094
3814
7930
9387
670
9992
6687
6270
5576
2794
532
3572
7233
4434
3103
9567
7971
2720
3292
6388
295
8852
7793
4849
1774
6203
2741
2090
814
4674
5775
4902
5282
9060
5676
9179
6270
880
7192
4378
7284
4254
8649
7827
3527
7140
5409
7729
7819
8882
5114
8731
4965
8301
2400
1557
4635
9820
5675
3035
1147
4152
5123
9334
3783
3515
7036
2704
6518
1933
5463
8500
5323
6261
1194
2242
19
2049
490
6073
9062
7502
5310
1356
7451
7649
920
1492
3113
3402
1475
7850
7713
3121
7712
8958
7471
9102
570
8389
3796
5418
8936
1396
2937
7724
9413
5572
9436
8168
688
8527
9493
1079
6584
204
7840
3024
2755
2067
9666
6805
4567
8346
2321
283
5866
1263
7150
8015
2277
5328
4782
9687
2462
8955
7579
7718
4599
1018
5864
2052
5195
6270
1107
9387
4635
1218
7673
2673
1372
2073
6747
4595
9697
4157
6105
5496
4875
2191
8482
9511
1869
5561
5031
8312
2032
1646
9316
7734
4000
4435
880
6591
4991
5539
2956
8104
6624
1382
6562
9238
7818
7168
9643
4396
8855
9431
1072
9498
945
6582
7833
4181
4536
10000
5338
8281
2787
6636
6487
5324
4490
5164
401
9476
7806
9679
6007
6731
7878
701
4832
8412
4521
1469
9186
2631
2549
4682
6907
416
5428
5277
6190
2196
3287
836
656
6440
4297
1739
6475
1966
8487
2736
6919
8
9418
4666
5495
9467
4977
3085
4914
3192
6330
7080
981
7016
253
6426
5772
1416
8359
9361
2214
5025
8332
2594
3973
2574
9174
8150
8202
7718
1628
6067
7504
9348
6974
2341
460
3238
6136
5534
9249
6909
4446
4133
2763
9657
7202
7788
3593
1844
4742
9150
5889
8579
1821
5157
7215
1940
6891
8522
4264
8467
1070
574
6181
3891
933
8513
403
8246
7758
1871
3794
1218
9715
4812
1146
629
4321
3664
6183
7684
9518
6037
4864
742
9414
9359
5707
9686
2658
7060
31
2865
9355
3007
1153
7192
487
6098
6149
8279
3341
4335
3055
1427
1642
2521
9571
5698
4731
6310
8458
8553
3925
9122
9282
8001
7468
5938
3747
9814
4390
1210
5096
2736
444
7610
2192
4986
8780
8005
1367
7683
6602
756
744
6550
8508
1938
4436
8470
6971
6375
9374
5638
3611
2009
2963
2158
4525
7954
663
4255
8344
4619
2309
5976
7111
1666
5993
3630
976
7737
2520
6339
4088
2622
7051
6831
3817
312
3965
9462
7684
4196
8482
6999
540
7506
7517
3348
7196
9903
9615
7518
1863
2653
6566
4206
8795
805
3406
5894
2319
9980
7731
6252
248
1148
2584
815
7532
282
8670
1687
3662
5939
5786
8247
1595
8077
4899
8824
8132
8652
291
13
155
5565
5481
3081
7490
9096
9413
9285
4846
2092
9937
1781
3910
1358
1613
4378
7911
8652
5224
2634
7189
2688
8565
549
9276
4210
5407
7079
2234
616
688
6470
7113
3500
698
4031
7572
4347
7815
5068
1548
3139
2686
8547
9115
2353
8131
3081
4484
8586
8907
4392
9831
9275
9319
2321
1079
3554
617
7319
149
1018
5615
6558
6221
2607
7505
8003
7220
5142
1744
9477
3042
9319
3302
7120
8080
9482
9932
5665
8303
141
8152
3015
723
4869
7003
5892
2627
3746
5284
1074
7370
8738
2853
9569
8060
5501
3709
7628
6076
8542
4898
9601
7414
4904
8226
4327
27
8039
3164
9483
374
429
4346
6330
4298
7518
5
5141
7866
5121
4019
3545
1008
7215
1691
4207
3429
4240
4064
4392
8517
3826
4753
2098
2149
5000
5265
105
2751
6359
8614
7929
8021
8078
9948
6332
904
7680
7543
9466
5068
6135
2407
2156
6225
705
5480
2476
7598
1684
3160
5230
8526
7587
7449
7347
3433
5903
6267
294
7095
4636
9733
2323
3418
7276
7091
7284
647
9525
9824
6143
357
4269
1101
7871
977
1957
3349
9370
5182
4298
346
1428
3407
4024
4715
4095
8814
2085
1263
7550
4796
2902
9615
5306
1252
5924
5484
6559
77
6527
7723
433
7598
5198
1198
6827
7976
2975
8609
1909
1536
4630
6402
4613
1683
4301
7663
7860
6233
9784
8816
6026
2540
8858
3963
6462
8494
8336
9313
3288
3852
3600
2415
3142
9960
4274
1602
1534
502
5691
4477
2710
4093
1262
3801
5787
6548
3809
3612
5056
1858
2237
2366
3969
4021
3982
2630
9350
7094
4422
6466
1939
6056
9673
9080
3823
1937
6934
7242
6422
5457
4188
8238
4868
5905
9774
3831
3701
4922
8520
9738
4730
8282
1324
9048
337
864
5060
6997
2691
2128
4793
8623
8687
4346
9349
6836
9217
7722
4085
9422
7374
330
1696
6888
5820
1838
6686
237
3507
9417
1896
5445
8317
14
5211
133
6099
4235
9373
8926
4390
1796
2824
742
4443
3112
1523
8459
2686
3915
2511
9581
4939
2331
7315
8107
9996
7251
651
5350
909
3845
2365
3009
6987
2167
9998
4731
8068
2247
1952
9640
2020
6322
5078
7872
724
1717
8958
8795
4001
2056
8867
277
7065
1146
9689
9230
2386
3464
2627
8490
3076
8543
1971
9554
8550
4868
4291
6947
9416
2342
3940
1332
1507
5683
6623
3802
6187
8096
8695
7304
8773
2117
5679
1043
283
563
5907
2498
8811
7577
9823
604
7318
1619
5017
8153
4571
8332
2737
4127
2018
359
4824
91
120
9985
3740
2324
6516
9497
3444
9432
5112
4636
8020
578
9334
7014
8960
7921
6072
1876
7107
5213
7055
533
5055
3826
8333
1786
3715
7950
9543
6802
8489
9346
3424
3639
4370
2210
2750
6326
9642
4132
6629
7400
9442
6044
5943
1978
2182
7460
2227
1114
4984
3524
4259
5813
337
6628
5458
1178
1469
446
6690
8600
834
908
2672
9585
5004
4348
2284
9444
5883
6102
5177
3458
2689
8294
5577
3795
853
6983
1214
7276
9422
1727
3940
7524
5636
3323
9455
7476
3807
8876
2871
4970
3483
9051
5833
6315
1810
2833
4286
2730
8941
5951
2656
8427
6610
5553
452
6239
5997
4214
6340
9251
7415
1177
5601
9727
1520
2030
9334
1417
2387
5669
6302
8112
1733
7684
5628
1921
4128
8247
1217
5465
183
8631
2547
3947
354
2325
588
1223
8996
5260
2687
9640
7828
419
7346
8479
9761
3208
111
1279
584
819
6163
6796
9175
9439
2338
8697
2513
343
3414
4605
8306
8288
953
5983
9471
3723
3653
3061
3434
6165
6364
136
895
5031
8182
1629
9225
7426
9993
8974
8162
9896
7907
5772
3854
7328
1433
7268
5525
6057
1986
7003
263
2812
6735
6476
3586
6671
7171
6873
6167
6618
9315
510
6721
7374
3859
1326
2740
9024
4510
25
1985
5463
4042
3328
9417
6943
6958
4079
8803
6997
244
9975
6698
5483
1364
2716
1288
9713
3543
5578
5270
1016
507
9780
194
4101
8351
1487
7267
6906
7012
1526
813
7812
422
9619
801
6625
3841
2484
5421
5632
1597
4262
130
892
9636
1911
5965
5432
4732
2535
1092
8665
4537
6269
9693
5771
6574
9807
8420
2477
7702
7468
3777
2394
9069
7882
8253
9035
2810
6940
7486
153
267
2105
6159
1742
3287
8088
4986
6518
6245
2142
1314
101
8950
9636
8994
3378
279
4501
4308
8834
6859
2469
8276
2555
9650
3075
4375
7537
1765
5005
8349
8683
6037
1759
6091
4606
9641
2184
8954
2351
5481
4329
6992
1056
2844
6983
3511
3204
2178
6086
1611
1166
1596
2700
8532
8124
5737
9535
1624
7031
5606
4070
1326
6937
4294
5910
7771
3814
2508
2718
3518
8197
1981
4983
8082
1177
8596
2111
6525
3698
4383
1672
501
2610
9067
5596
5382
4419
3208
8523
2278
9998
7943
8505
7956
8582
4507
9012
4442
8367
4031
7391
4095
4846
6773
185
6057
9434
8065
5616
2961
3487
1372
6289
6940
4184
8231
3595
4348
675
2965
3232
5513
2478
8945
457
5731
4753
2039
7641
9913
1084
5899
7379
8394
6201
5719
6788
1371
1663
3699
5556
5445
1973
1246
7762
4029
5128
4713
957
6948
8231
9861
9659
8235
9882
6101
1699
424
4356
5949
6259
4725
5106
5369
7347
2858
8298
5486
5078
7285
3243
9018
1871
6651
1549
3527
1417
2354
9242
5529
2452
4195
3279
8840
5992
1763
2195
2739
3929
3655
5098
2371
481
6347
908
5235
2624
9468
5047
6229
8994
7449
1947
8766
1475
2776
3065
7051
6148
1690
2263
4593
1327
1120
6076
8520
7667
6114
2193
6459
8607
3623
21
6733
9818
2526
6751
8213
7785
4386
4024
6895
8446
2550
1898
7844
7946
560
6108
8530
5548
4281
281
3761
8574
5350
1470
2237
4187
554
9289
4264
2952
1219
6833
1779
9480
2358
7151
4539
1049
4872
7121
6795
6990
389
9750
797
397
2598
1179
552
9193
3725
5409
8328
9195
3711
6882
1546
568
8181
81
154
1519
1107
579
5940
120
8574
5269
6736
763
8724
1931
3896
6619
7121
678
3559
4615
4394
5601
1383
4847
558
96
6622
7240
650
232
401
7518
6229
3316
3407
1650
9937
9053
1344
5571
1820
726
5796
560
4531
6544
6604
592
5761
1940
9462
1853
1959
6830
4015
6764
7442
9614
298
861
8219
9669
552
8997
3069
5394
5981
8913
1273
8033
7154
829
2145
3820
1716
1727
2379
8801
3757
7387
9792
7706
6291
210
8162
5280
836
9636
5965
5387
9698
6551
3005
2131
9533
5230
8322
7687
8443
8465
6904
588
4860
691
1374
8668
9494
8435
3898
4390
510
3498
4324
3739
6337
9341
6984
5507
1158
6514
2259
3324
4477
7392
3719
8443
360
6532
6872
8764
1139
310
278
5212
7645
5650
3480
1550
783
1193
9301
7714
3090
3097
2396
5506
9805
6950
4864
6270
8670
2337
1144
7275
5187
1089
9694
1406
2677
1575
6308
6469
5674
6195
7938
6359
328
7179
1231
3853
5787
3025
3257
3408
3106
8511
3830
1208
4906
9882
3544
1547
4366
4795
2357
619
4998
8323
3065
1635
573
1189
1884
9331
4723
7608
6074
4802
6800
688
6593
6972
3001
2214
783
9018
4392
9831
8608
9721
9020
5150
6439
9204
3887
9756
8122
2547
193
6255
3605
3113
4070
4082
311
4420
4936
3918
6922
5500
8573
38
733
1380
4588
4349
7042
4855
2958
6564
7149
5246
2693
4189
9926
7407
6198
4173
9327
3915
5286
1854
6210
478
2476
8931
944
9567
4340
204
4312
7432
1696
4495
7741
2976
9923
3323
7562
3659
2207
2328
7225
1125
3935
244
2497
5709
8686
4310
2473
473
6522
583
7523
1195
9747
6967
1394
1841
3149
3660
3036
5453
8767
8933
1599
5166
4832
5710
6123
7238
4917
7319
6073
2084
2742
4008
8629
3891
4203
8634
996
4481
2786
671
8992
9763
3094
271
1751
3449
4791
3289
3362
9228
8872
9806
5689
2238
7401
4488
1567
1837
2297
6690
4651
7609
9069
5282
9640
3041
1636
1284
5339
6532
6647
1710
7247
6942
5984
7886
6216
119
5558
1740
6341
4756
5187
1339
8008
733
1021
7450
2252
3338
8470
1607
3221
8457
3649
6859
9130
7886
4250
5343
3596
2724
192
2433
2082
5959
2891
2466
7790
3789
7461
850
5398
3516
7627
4061
9878
9458
4119
5891
3750
702
1554
593
305
1371
9372
7989
9540
3806
9764
2147
2393
725
234
7793
2473
9025
7871
7676
1535
3374
7279
5668
6815
967
7143
3564
6216
3216
4590
3630
2463
5505
3818
6119
7123
3271
8526
1013
5606
4867
2696
3848
8840
1312
2100
243
9612
462
9934
7368
5393
8070
2695
4227
8648
5788
6593
4929
6365
5502
121
961
4812
3986
6988
5201
6830
5100
9867
3264
2034
2920
2791
9388
2239
8143
7346
7295
2541
1104
8698
5729
8637
3432
2799
7172
6330
2010
1248
8858
6619
4901
4721
7525
8081
8780
7908
8171
9005
2135
9451
9396
8322
436
5130
1224
2996
1061
7185
6237
5442
9290
451
395
934
7930
6847
7506
6616
2270
131
3496
3373
9949
4201
2690
8491
8954
4214
5625
7689
4274
2974
1740
4074
7268
1679
4478
1591
5690
8041
436
4424
4068
6068
7073
8451
3544
4243
738
2256
8627
372
5217
3297
3100
6960
7080
8227
5587
3163
7439
3459
5815
861
1232
5120
3537
6925
3799
2350
7616
274
3766
2979
8968
3551
7665
4632
8360
9021
9886
9293
6912
4915
6947
2849
3300
9884
2611
2825
3393
3242
7280
2406
8179
8706
760
8209
4237
2594
3524
5590
1770
2091
5643
4790
1940
8735
1248
8582
3824
128
177
9188
219
9547
6515
7261
2653
8282
549
8937
9896
9986
6557
1683
3684
1192
3731
542
5581
7999
9143
939
9465
8268
5785
5292
2226
365
589
3476
9461
9644
9920
2854
3276
9779
2182
5255
5250
2317
2064
7194
5060
1827
9618
4621
9067
3243
9849
9899
2542
6525
5299
3853
293
2882
2649
2368
883
3870
1644
2935
3851
8527
6009
2021
6095
106
1783
1384
4005
6984
6084
2714
8139
5917
6762
5353
923
9158
2330
3520
6185
7433
3678
5492
6902
8304
923
4155
7929
8837
2584
6179
5807
2618
5337
543
6175
7740
2873
4807
3738
6736
5130
9541
7884
3449
7533
2956
3973
7400
7706
4302
4275
7508
5815
3194
8896
8537
1137
8031
9252
7286
74
4322
1447
9419
7283
8826
9537
1049
7074
6417
5663
7783
3977
6744
6764
2577
8022
1416
4284
5791
7101
8286
8339
643
5816
8024
9632
9984
1674
4008
6571
3698
9844
8556
4128
4390
796
8395
8566
361
3281
1712
2575
9382
9306
8573
7416
8011
3383
2067
8369
1940
2608
9356
6767
3529
937
9298
5010
8971
191
5185
1450
5729
1080
7331
3786
8349
98
6294
6589
220
6331
3762
7241
8113
4850
2025
929
3163
2461
2037
2941
3621
5001
2484
4921
515
501
9743
150
4662
3449
5933
4703
7466
5623
2715
4388
2544
8392
6530
3405
647
5279
6059
2831
8321
7034
7619
5207
977
316
269
4571
8151
2740
2729
345
2964
8254
5941
8135
5964
2712
8042
3148
227
3430
4966
6375
501
7254
7348
8933
1325
4236
2688
8001
6211
359
1783
4899
9108
2719
7467
9527
3897
9449
280
8048
225
4142
3458
1008
2657
1681
2364
6695
8076
6528
7031
7042
399
131
2730
1516
1585
8630
2788
5427
8050
558
5175
4964
349
2431
112
9401
8500
9611
9663
4000
4543
245
4894
222
6914
1751
7897
8455
765
9350
8771
2899
8021
6012
9671
7949
2827
3976
325
9861
1798
4031
1111
9677
4873
4467
4126
9225
5723
188
6474
7507
3557
9587
8426
5823
4470
1564
5410
2426
4444
3643
8677
5378
6533
4962
4563
7144
2785
6380
5959
7550
8509
7099
9677
5497
8032
5864
6121
7465
1507
9262
2364
1269
6190
477
1312
1670
9671
1576
6915
1395
3045
5672
6066
2162
4725
8560
9577
5993
6994
4048
325
3117
2726
5473
9103
2413
3842
9406
1624
5175
3724
794
7640
837
963
2112
5202
3432
7617
8074
3628
7953
7276
5019
449
9035
5882
3814
2721
7090
3054
4819
4531
7557
7950
9893
7251
2147
9258
7210
6449
3311
3543
1040
9032
5857
5762
4554
8807
1895
3444
8104
1946
9544
9888
6823
1472
8623
9595
6471
5379
6816
4832
2946
1815
578
9504
8379
4698
7426
7082
847
8830
3849
7969
1406
3383
4405
6907
4313
9913
1658
7853
4678
8165
6279
895
1787
8657
9300
4686
4757
4937
798
1383
8880
8417
4230
6061
3234
5468
3872
6777
271
9691
7235
7060
706
1646
7937
5861
5894
3440
3279
3121
5060
1275
104
5579
9347
5945
3004
8204
1708
5058
4983
5999
7015
2968
2830
486
1469
3635
9833
2766
211
8419
3823
7691
6940
3258
552
7793
6145
9945
5048
7260
6955
9871
4696
2439
9559
1891
1708
2263
6297
3570
6911
1619
6963
8035
4905
1680
526
6273
9200
3975
5615
4221
341
6662
2409
6035
4462
6715
4363
5754
9079
4882
8116
9037
568
1538
3637
8998
5173
8945
2037
8903
1444
1440
2705
854
1894
7715
4400
4672
8644
8344
5528
8454
3373
9498
8157
3029
1243
7561
2200
1587
9884
2930
8812
4475
3128
9231
1047
922
7361
3667
344
2115
101
298
608
5770
5151
8642
2335
6447
756
5544
497
9100
5114
6121
2908
5923
1114
7848
5084
3433
643
9034
2013
9517
9841
7727
5075
3693
1636
1722
6681
7933
3582
1037
3339
7572
1684
7838
8903
6912
8945
9435
7329
6372
1500
2671
6602
9678
2008
4877
1691
7557
9802
1950
9490
3954
2422
8017
8303
3080
1109
3734
3908
8980
4929
318
8299
3988
6434
2801
2487
4121
1307
9602
3067
6519
3736
5881
132
2852
3071
3413
5274
4917
8884
8962
4709
6691
9050
8936
7862
8342
968
6283
6920
7831
1055
6785
2256
6398
1196
4470
7260
2983
7029
9527
916
4864
117
8460
2755
7429
2186
8522
3759
74
3639
3361
8822
7787
1522
6655
766
8917
2252
3182
8513
1701
798
8922
8141
1376
801
654
2935
5959
4008
3994
221
3334
325
8428
2617
6465
2865
3066
7638
845
5720
9493
6005
4490
8560
2352
144
1240
4634
3929
2386
6985
4038
364
6167
6208
4987
371
3442
1923
4778
2689
4093
4937
9713
5451
6579
3724
2080
9617
8188
4174
4242
4066
6671
7427
6386
2609
7878
5526
7681
2040
5721
8286
4764
398
7129
6268
16
3569
822
986
9747
5828
5709
5587
980
7703
7638
7209
3448
4861
2031
5209
2180
8831
2845
6560
4957
8243
5320
3425
8962
1555
445
638
5326
4533
7387
4303
4119
5547
3182
4638
4130
1307
2841
8022
7022
3831
6408
2094
5850
9092
8954
5975
8567
2411
2615
4989
7452
5539
734
4107
5855
579
8969
2059
5971
9117
6512
7391
8881
8649
422
6740
8826
4645
3709
4522
7781
703
8232
3056
4447
1219
1481
3907
288
4218
200
2556
599
9439
1197
186
2555
606
9831
4172
5809
1022
1658
8856
4104
5571
8903
927
780
2898
7073
7358
2379
5294
663
4729
4707
1103
6240
9369
9651
4456
7368
20
7560
6893
2538
846
7837
3065
2958
2964
6182
2138
7075
2033
866
7154
4826
8899
5393
3303
1556
6836
8274
5345
3587
5730
5953
2392
9265
9340
7798
8664
5202
8418
6577
8248
8042
5409
1264
4463
3381
4644
2335
753
8862
968
1739
1768
8570
938
611
6799
2979
4623
415
158
7025
4334
4945
80
6156
6926
3089
7324
9574
8528
1974
6612
5557
5943
8874
523
5392
7318
1109
9874
3833
6519
2077
5854
9019
1362
5850
9861
2698
5879
7922
8810
6352
5985
353
3720
5995
8693
6397
1740
4220
7251
2149
7472
6209
475
688
7878
9616
3096
5714
545
6038
1619
9184
6893
9772
564
3276
357
5234
9213
4697
2860
8513
2336
3418
7372
5686
5082
9148
3588
7806
1699
6993
6027
6714
9867
7256
1099
8036
7242
9413
100
7824
5949
9353
5685
607
5315
1570
7
1032
673
3485
5334
1248
4132
6034
6605
3196
3569
1835
4141
9395
5747
4031
9417
1125
2683
7267
6680
6635
5060
9305
8727
849
8083
6745
5969
8721
4046
3416
6654
9127
4713
6664
9204
9633
2667
7755
2015
7219
5119
9488
7764
1997
3350
5510
5587
5509
9532
2179
794
1963
3580
7985
4984
9678
1504
7118
7992
1587
7395
8348
9455
9980
1081
6261
2443
672
5916
1969
5476
5936
3559
8047
1912
3090
4719
604
7738
170
3492
8783
6916
2512
8719
7376
3466
8649
2743
9875
6025
553
1835
4455
1033
3338
6730
2391
5258
8343
9256
8592
8042
8931
4231
2949
146
84
1234
4652
8287
4712
3133
5893
7959
9844
6017
4062
5631
4524
1379
3793
4440
7293
2183
7609
6768
9218
8054
3045
1201
2012
7693
7024
4584
5666
3149
6144
3270
6984
8917
6473
7844
343
8183
1552
4310
9499
2023
1672
989
3058
4836
9572
3941
5007
1520
401
47
2060
1442
828
8799
8980
8244
5367
8082
4422
4603
9016
490
6025
7767
4349
2387
4069
5609
1212
1367
2951
6438
5049
6086
1212
2150
9187
8460
6478
1868
3549
5827
2087
1526
8004
3895
7400
9421
8786
1875
8974
5019
3957
7617
7400
3492
795
2558
8677
6063
4043
3709
1462
5980
2779
3290
7669
4665
61
8549
4953
9189
7162
4009
1245
1547
7101
4897
5571
6931
5623
7816
4138
7141
1128
5107
3940
5071
1485
2416
184
2184
8951
4903
2214
630
9324
9355
567
8225
7571
5765
3879
439
6297
1997
5989
8784
114
8448
2366
5856
7222
1884
7534
2679
1535
7064
7136
491
5112
1756
9861
6990
2586
4456
4178
6470
7970
5054
8465
6886
7549
1588
8141
8611
629
9487
9471
5643
1874
6847
2709
8727
9414
1358
9774
1936
530
9293
8354
3835
5140
4316
4422
1458
1581
6343
7789
4924
9461
269
2781
8959
2839
5825
4503
4661
4576
5572
7502
3413
6285
4430
5243
6477
4819
4314
3875
6721
5806
3912
8953
5691
4899
6135
5356
9676
3552
9589
4003
6061
9807
1294
2501
3244
179
9683
6821
462
4018
5838
6193
2371
6115
3337
6065
443
24
7474
9226
4640
962
8625
911
8209
6906
7700
9633
5875
511
8205
1983
2066
1799
870
8490
4491
1966
466
9217
1092
4750
6109
6040
5660
8117
374
5826
1555
6880
9998
7249
3939
9103
1413
491
587
5104
1727
9067
6022
4595
1838
6264
8303
541
807
6205
3955
1637
8638
5409
9883
361
9443
7890
5532
8955
7844
68
1866
7237
1984
2381
9865
5299
7089
3776
1007
5842
3165
2917
4665
4623
9725
9367
7613
736
5580
5788
7778
8801
8799
5884
4185
8957
8316
8804
8782
9231
9638
8436
1379
2106
432
4086
5821
1451
1790
1532
2774
5171
1845
3389
6625
1602
7378
1913
4065
6345
3411
6264
6390
8813
7741
7869
1342
6135
6020
4255
9037
4176
1120
8433
575
5248
9526
2167
7967
5537
4813
3420
399
216
2408
1508
6341
6887
5144
5762
8721
1878
607
9922
5583
9169
2340
3274
6470
3646
9893
669
2228
5627
3791
7635
9587
5066
7294
6623
4241
8124
8406
7833
7276
8625
6637
9578
113
1899
7060
1892
4486
373
1734
3267
9825
9469
5190
9444
7739
5473
3748
9649
253
7605
3944
5655
3483
4554
4986
2958
7949
8218
9781
925
1851
2424
8182
6158
5315
8838
8374
4766
9770
521
3502
4091
9546
7856
1701
4232
3473
7126
1674
4495
3113
3355
8689
1595
4725
7272
330
7809
9205
7979
9725
5620
5978
6437
8195
4497
1842
8990
3125
3945
4793
130
4288
3479
2236
8458
6284
4655
6739
3888
91
2350
4302
6630
9721
3865
8637
2074
5876
8706
7964
6433
1784
7014
1300
7036
602
2514
867
3603
7406
1170
5691
1560
1730
3474
7474
3509
9648
6277
6953
7447
7309
592
6239
7075
1881
2813
948
5170
5440
7288
8110
780
551
4919
5048
4695
802
2595
2983
7915
6487
6985
9464
7873
4478
9396
9404
7644
2942
6871
3673
5330
2632
4487
7046
4320
7509
1566
4041
2018
4536
5543
4000
1289
8663
6815
2864
9549
83
7942
2345
1875
8704
6362
589
8092
8614
3155
6392
2850
603
4856
9687
4810
5323
5311
8598
2463
4456
939
6504
8114
6827
164
9110
3466
3450
4306
7784
9408
9431
5053
8192
9213
5915
3519
5514
9174
1760
7537
2236
4319
7556
459
6659
672
7568
443
5992
6087
6620
6964
2293
1127
1797
3438
4843
8422
206
3058
2819
4552
6076
1250
1771
8932
2542
9739
31
9722
4158
8877
284
4057
7555
4221
9562
1578
8990
653
4458
9051
5377
2612
2960
5563
4038
5624
3304
6528
9904
8457
3020
7962
3842
4640
1711
5807
2121
4075
2476
3966
4917
7091
7606
1235
7602
692
2848
1091
7916
4264
7283
5233
5416
7010
8411
3600
4674
2133
5036
4199
4868
2575
2150
2862
9121
5241
115
5202
1676
2908
4941
6650
3338
6981
9418
8094
1869
191
7364
4194
2493
7945
2437
9076
7058
8194
4924
7122
2177
9832
4698
7857
8630
1165
3054
9965
671
7281
8824
4295
5304
2881
2302
9876
4834
8382
9100
4226
6918
6343
4218
530
388
4640
3827
2461
4682
6110
6768
5517
6342
2958
2350
7618
875
5794
3108
943
1102
6144
1232
8737
9513
2473
8354
6041
5639
2746
4559
1357
3859
1858
9999
5547
8650
1507
3251
4555
6743
307
5852
6422
6137
9916
4501
6137
6550
3905
6417
7835
8957
177
8293
3932
5318
4992
4875
8731
8748
1884
7872
5221
192
9956
2764
2938
9273
9365
9745
6108
7680
3021
9035
931
783
5499
9104
1422
8214
416
9563
4356
610
8075
2486
4460
8034
4618
9915
675
2771
1670
8739
5576
1612
6403
5214
3975
7722
6593
1735
6065
5999
2419
9490
539
4029
75
3490
4060
7295
3436
5316
1466
691
1843
7104
8977
8751
9454
5192
7653
8316
2142
7997
721
2327
997
818
1263
2461
9600
2948
3682
5418
5065
4484
4386
854
474
7183
994
3625
460
7543
3634
2110
6254
2539
6726
6648
3757
120
5858
8168
6246
8752
8517
4248
529
3748
7422
723
8622
9670
658
9702
3993
319
7377
76
9858
6631
1367
9418
5051
3063
9618
5284
3448
9670
3529
5573
8574
8846
4973
797
6472
6736
6967
7338
4647
4950
4124
5200
678
6324
7770
2242
3896
7371
6492
914
3387
6478
2732
5182
9324
8355
1376
7049
2110
7211
5256
6302
4510
1409
7271
1461
6276
1609
9042
6222
81
2678
3519
3948
8802
341
7128
6162
7870
2937
2399
9374
9470
7573
4584
1943
3723
698
6143
2381
6131
3737
2954
441
1543
3943
3761
7612
5473
6047
1392
2936
1814
4419
9451
4232
3373
6867
1761
3441
5735
7983
4650
4227
5961
7197
3319
2146
3832
6499
4359
9324
5646
6179
6961
675
7624
2858
6659
2723
7083
9357
7053
4666
8919
312
183
6555
849
3004
2412
8325
6431
7453
3782
5229
2680
9918
1246
6070
661
6145
5750
7754
1201
4269
8844
3525
8796
5469
9344
6207
9906
9719
8023
8288
9377
9266
1154
5066
8669
4441
1590
7825
6056
9318
6391
2555
572
996
2977
462
8970
1780
4758
9679
9182
2986
4192
3758
1609
4352
8784
8745
2667
7606
3393
5056
9208
4480
5399
716
2558
5002
6161
8773
2323
5666
4389
57
7369
5928
9488
2946
6333
8699
8963
9963
4796
2932
1705
9619
3349
6065
8388
9934
8723
4192
6084
9635
2947
3427
2665
3563
2984
5326
6340
8951
6709
2575
8769
7711
8449
9864
3266
3038
8481
6411
5832
9496
3375
9587
4213
3506
8103
2627
9070
383
3685
7833
6415
7325
6956
6239
100
625
3201
9323
2889
6612
3075
307
3519
4720
9697
4763
4660
8671
495
3765
2695
3183
1663
4886
4790
2502
5307
5643
1426
2449
1388
6611
2231
2450
490
9160
8381
1764
2649
7293
4949
5038
4479
8276
9378
1097
518
6964
6029
2788
6344
8454
7710
7161
9592
8557
7810
9752
5103
8814
7773
3886
7044
9947
9025
8810
1076
4203
5728
4240
5772
2462
8082
1321
7250
6910
951
5456
7641
1117
9635
6415
3531
6004
5948
8270
5842
5683
7704
9168
8916
5609
808
5536
5653
297
3672
4398
1552
4486
656
5766
8170
6078
926
9210
4397
5039
6222
7874
2436
2725
5950
4685
7074
5068
1170
4715
5817
3363
1730
4027
9157
8077
7939
6815
4869
5243
4243
9913
4142
3822
2924
1888
5564
1961
4711
6138
2957
8919
3960
3064
2048
650
9125
3369
4900
4176
9822
2481
8007
3076
2287
3530
6090
3991
8870
4263
8710
189
631
4614
9689
7413
9540
7338
1226
2137
4886
741
7449
4161
5653
9655
5575
8718
3280
8319
9489
1606
5650
1963
2601
3826
8765
8515
1423
229
937
3604
6603
9077
7736
8215
9127
9836
5315
2437
2440
5935
443
2795
1768
4497
4497
9220
2489
9126
3800
9603
6311
2059
493
6194
2997
7071
8079
4454
8899
9554
6886
3741
8552
1140
8429
3468
1222
5908
6481
1960
1212
3523
6461
9866
1721
8126
1820
5942
3303
8034
768
1457
8526
6752
9597
9677
8671
4034
9212
8799
7197
4595
2702
5937
1945
2809
2422
4654
1106
203
3425
655
9813
134
2017
1007
3786
5069
993
1834
6775
7758
8484
7060
6880
1846
1629
1993
5792
1629
140
963
5988
6566
1069
4271
8260
6915
3192
6935
3546
6376
6379
6094
510
5635
7269
498
4095
9002
2026
5395
9944
6091
8494
5966
6532
8367
6829
6838
2720
8045
2414
9280
3047
746
4810
2512
1505
2987
3999
1158
4548
1332
4419
2503
799
7779
5564
4130
9400
2143
3004
5635
437
360
4959
5461
4349
4127
333
9343
1270
8544
6583
3555
7502
8442
4646
2956
5398
546
5636
5543
1118
8315
4304
4863
7046
8552
4933
6234
4326
7593
8273
9784
6156
8184
2413
4516
9602
8210
799
8810
9383
7721
6438
513
6047
3078
8878
1390
3080
3648
6276
1921
885
5820
1121
738
8279
236
3910
2476
6512
6673
8441
8297
9287
3961
6467
708
4970
1967
8638
189
9054
8087
5483
6011
1323
2051
1730
8014
5034
7218
4864
7035
3521
6046
478
955
8135
796
4646
2614
4546
4130
1883
3126
7407
274
2979
2846
8044
9552
6942
5958
7130
5550
8148
9002
2307
8840
1432
1440
3030
9645
316
7400
7561
1241
949
9431
7593
3411
3513
8596
1292
4223
8568
8330
1537
5959
4313
7281
7969
1919
9104
4944
1071
8139
6408
9943
8747
2322
6564
3637
8150
4602
8236
3768
2015
3146
9898
6446
8875
7021
2022
8398
4624
7303
230
2096
2568
2719
8533
240
711
8029
7915
981
2804
8327
3304
8826
2987
516
6308
6875
989
3123
9187
6019
2180
375
5995
2613
6716
5871
1303
3946
5507
3073
8925
1554
1219
9844
5989
1255
2370
4895
7239
2947
8484
7439
4160
235
6396
9274
5113
1327
5301
9742
6785
5951
1069
2393
852
6498
6433
659
3505
9665
5007
4680
3754
760
2666
3331
5973
4183
4293
3005
6463
7328
625
7848
5941
6551
1586
8685
1171
1554
9318
6030
5711
4800
1569
253
1354
2131
6327
516
8459
8272
8069
3584
3970
1409
424
6011
3724
9281
3826
3304
5302
2842
4858
5996
7591
7464
5185
3591
9907
6046
5750
2992
4885
2587
8801
7824
5182
7723
9010
274
2529
9281
9781
2491
621
6243
421
141
175
3795
814
6103
4656
3605
6662
242
2442
8629
8057
5471
1383
5080
3258
3083
5311
1655
6336
6601
8960
9833
8818
1453
14
5252
9709
7292
1683
5728
6724
4639
8994
7980
7658
6368
1968
6664
1552
8081
4414
2589
5042
1457
8772
3243
8275
4740
9409
4874
4654
6416
4998
1862
6145
3464
6510
5228
398
2053
4910
2512
7968
502
4221
1211
951
2784
3639
8359
4562
5608
3860
4382
6524
1472
7039
2356
121
6855
6183
807
4524
8432
7339
6139
1071
5109
9674
4937
3146
2023
1422
4680
8561
3975
3639
5217
8757
7312
955
1728
5342
9256
7728
425
1010
2886
3299
2459
9831
744
5655
876
1483
7987
7624
8563
1516
7603
4990
6627
8968
2018
5658
3153
5903
849
9456
4220
304
5901
9417
5988
7286
3748
2946
444
643
9710
2717
7415
1317
1083
601
7496
6952
6762
9644
2109
3208
4681
4430
7880
9259
4252
6671
8393
8398
3990
2262
7650
165
6126
6547
9876
1400
8631
9984
6552
2075
4789
6227
4445
6907
5075
9019
8108
3889
4459
5979
8711
2221
8505
3518
132
3021
8701
576
8270
6435
9291
106
337
2764
1046
2597
7876
8518
8508
9235
1243
9362
1423
4599
5235
3802
2284
1715
6829
4810
6375
7741
5000
6152
327
1069
3352
3864
9011
7260
9389
4440
920
6740
5856
2944
5015
2463
7016
1168
1441
2650
8136
5955
9308
3471
424
5757
804
3772
6897
7760
1258
4868
1275
2726
3900
4113
9112
9734
9138
9318
5624
1627
4331
9997
9071
4260
6876
4465
5161
9781
8953
9401
5335
3840
5527
2105
4905
8074
4267
6848
6865
1820
8497
6437
7295
6416
2034
5406
449
645
7350
1439
2630
379
6791
7073
2562
7370
9340
8745
8317
5917
6296
6628
3849
3355
5622
9423
6516
9244
60
407
6425
7974
4268
1904
9397
4442
9855
5604
2759
1289
3726
4978
419
6653
2514
510
3625
6106
6918
3983
3803
194
6427
2787
5664
3004
2288
4467
2975
6435
5867
8753
7736
6368
5873
1729
330
9517
3473
3313
9283
2142
4139
1844
7150
3668
2275
3037
7663
6375
1125
4293
1721
2510
3074
9422
5681
1339
214
5540
2490
3243
4493
1648
1286
3072
1201
2249
3761
9497
5630
9783
4735
788
8855
2079
5003
6857
5139
7242
3441
3978
1639
9209
3908
4430
9035
3407
6423
1125
766
9077
2049
3598
2187
8481
9629
9756
3293
7909
6903
7482
2151
9397
3236
3723
1196
2233
8322
9210
3606
8887
9296
9851
696
4597
9333
1675
880
5765
3564
7810
4519
2883
8717
685
4589
5210
8258
8562
4235
3236
3675
3314
4978
6473
8737
3162
1067
195
3798
3571
1857
2042
3891
7112
9606
700
8608
4850
2358
512
4086
6855
3462
1029
9576
8909
54
3412
1636
1871
5128
716
453
6693
9207
1703
5138
4798
9012
6706
5534
5615
7511
8175
5070
8362
8537
7266
8851
735
8134
7951
1814
8137
4930
9302
1258
2337
916
1245
1130
6524
4398
4836
9320
8878
5178
1227
609
337
9848
3750
9101
5766
1662
3642
5336
4205
8534
6684
7744
439
8013
9397
1318
4306
1232
7486
2845
2745
4591
4981
1023
9852
1822
3516
9056
7974
2127
9692
7790
231
3422
9665
299
2742
4809
6472
4873
9331
565
627
878
1676
9013
3366
8253
2174
3842
2346
4512
3754
5288
2469
430
6532
3372
2461
5189
502
5840
6423
8389
5403
2556
6235
6925
2814
1744
8760
5204
3486
6352
4617
5781
3922
2281
2643
3434
2422
8623
3487
9288
4201
8642
2192
6820
7981
1141
3552
5866
252
1683
5695
9829
3927
6702
9948
8545
493
7892
1012
17
44
4063
8623
1857
159
4897
9324
4770
1047
9006
7359
4655
6397
9667
8125
3208
5308
7276
8247
9054
6305
1264
1689
9187
9400
793
169
3720
7235
7832
9058
5393
3065
1080
6890
6996
1130
2025
6474
1983
4976
9342
9093
5774
7882
1262
9418
5451
5084
1266
645
32
8082
4455
5517
1767
2250
2614
8692
9564
996
9545
6950
4372
7983
4528
9861
4950
7613
4436
3863
2309
2588
6453
7379
9594
7555
1213
1674
4810
875
5487
6623
3139
203
9176
9038
1387
5170
1871
329
4905
9329
3798
4555
862
9140
7587
7479
4444
9745
3602
5434
2924
1470
4796
4441
5420
2830
766
7214
2110
7153
1671
9174
2851
2398
5607
3678
4795
3577
2379
1985
9554
104
9032
9897
4079
8414
5649
231
1794
8074
1091
3357
2058
8851
6115
4750
958
4539
5204
2563
8354
4616
7016
2090
3913
859
2650
1375
2834
1394
8554
8053
4137
9843
3265
5124
8983
300
5991
7441
8226
1904
8188
198
7085
3978
9925
1117
1810
6634
4021
7582
845
8487
2128
974
7193
1290
6539
6864
2241
632
4477
1638
9234
4336
2417
2265
4511
1377
9731
176
7290
4099
8779
3994
1000
7464
6234
6772
4832
5730
4963
9850
6162
2865
4420
6878
8895
7454
7597
6002
5290
9120
8891
4506
1910
1191
6182
9978
3592
2237
83
604
5453
415
5462
428
4552
9889
166
6844
7002
662
3628
4041
862
1341
612
5683
3572
3398
1140
3219
1246
9754
9386
8720
7758
4646
1565
4535
7953
2477
2000
1380
5763
2650
9988
6303
3677
9435
6321
8827
1263
3552
2701
9995
1004
4186
3999
8874
1920
361
2364
4264
4315
1323
6309
2714
2875
4369
1288
9837
2700
9896
4069
6692
3649
6354
9748
3847
4731
4309
55
7950
7868
3831
8039
9629
3652
5747
7145
9563
3204
7407
9623
9989
2975
5043
4299
5927
9241
3201
7140
2803
9263
4820
3236
5187
2169
4927
2580
4207
9702
8954
1900
411
4434
4447
9547
6798
4557
5036
4561
8104
5574
3608
2495
1106
5138
3240
4520
9882
2434
2614
7366
7667
9642
9600
9929
1604
1205
9220
2697
7602
5539
2997
7574
9623
4800
45
4776
5888
3459
2555
8246
9433
6870
7501
2652
5531
5620
5436
182
524
3942
5347
2677
8237
4228
4622
6764
8649
962
7738
9185
8629
8656
6317
5246
4106
3394
9864
8482
7140
1233
3797
4356
9862
2015
3921
2603
3549
7794
8675
7529
1416
5676
1211
5063
1105
3780
8687
9814
7674
3289
9935
4066
8452
3064
2324
2093
7949
7450
7374
5268
8082
3041
1124
7860
6720
5067
4727
979
2775
6044
3342
90
9811
7110
8115
7854
2253
3092
3091
80
3268
933
5024
1537
8198
9442
2779
8418
456
5973
4032
3250
5509
8236
4735
8958
409
5088
5864
310
4358
1612
5228
661
3311
7695
7181
6455
8476
9902
7828
2719
6249
9561
5542
1960
5441
1263
2488
3504
5090
4520
4055
9990
5759
9246
4521
4304
446
8556
9172
3710
2004
7669
5445
6838
7122
3426
53
9314
3268
5650
3512
1877
8007
3098
3675
5874
6276
6586
6961
6774
6359
2064
1234
6298
6098
1541
6898
8111
7606
1801
5296
1220
1822
7745
1916
7949
3420
2676
1383
127
6175
3396
183
2010
7090
5810
6407
3992
3969
1270
2105
8868
5511
6290
1386
6125
2831
6455
9721
6741
619
6552
1094
2444
2525
3692
1659
9887
7636
5221
8083
3981
7713
8313
4016
5811
1163
3506
3830
5105
6345
3474
9294
994
1100
4710
3593
6243
805
2283
4876
6287
3908
6176
1012
1661
6311
2251
1374
8761
9280
21
8163
5454
3343
6215
6843
1865
6303
2654
8829
4229
8556
7926
5173
8310
2739
3911
7778
769
9258
5595
8957
7187
9590
2990
1031
3314
2831
4898
4899
9525
5841
7404
5190
1679
3263
4870
4338
6435
7168
3243
9171
911
9109
2537
7977
9831
63
2880
5055
9290
1667
7308
7734
8694
4633
2125
3692
7929
5697
4211
7970
4054
6624
3641
907
2812
6337
3761
5161
1439
694
8206
5208
8135
5612
8351
647
1671
6529
673
1191
6861
3836
1791
2768
1553
8850
897
1284
2527
5070
3911
1036
7803
4114
6960
1862
669
1165
7452
5652
3435
2850
7619
8541
4702
9516
730
1802
30
72
3072
3789
9208
1868
5427
7253
3914
84
6989
8166
5366
7137
5503
3309
4040
383
6734
1858
772
1678
9022
5736
3030
7964
4068
820
8660
4257
5743
9817
1053
2174
4331
3927
5650
7075
9540
5826
2268
2462
9912
9595
2910
4830
6360
5036
7595
5013
5023
3985
4619
3226
2977
8634
3530
6119
147
2551
6643
8479
1959
8582
4197
4252
7835
6167
4875
1321
5240
6767
8876
6357
9857
6205
6553
4959
1559
2229
7211
7737
1528
9033
8058
6784
6639
5186
8158
8668
2966
5298
5574
8929
3299
7403
8207
4772
9296
2999
8140
6807
3172
8826
5292
3343
4155
9171
4360
978
1355
4056
2064
3024
4119
7391
8742
4105
3634
4809
5272
298
1971
1923
8110
1513
6721
632
8920
410
5444
1846
903
6053
7398
351
4849
9860
9953
3301
6514
6395
5151
202
5545
2290
3399
3306
5958
1305
3815
6497
1529
8356
2429
465
7635
6565
5750
4214
6092
8941
4839
7184
3845
9912
9766
8380
1702
9313
6902
1505
1331
6373
4779
6333
3634
7575
6461
4224
6382
4402
1461
5602
2013
9910
5475
8768
7437
5825
2714
8467
7973
6774
292
1484
983
6909
2245
8688
4870
5669
772
4992
7649
986
1442
1150
6473
1309
1745
3555
8651
4798
4214
8930
1655
8652
6137
1646
4475
5512
9449
5030
4585
1599
700
9415
4193
8152
2093
4898
1675
520
2937
8411
4139
4314
8586
3469
2146
6569
6336
4170
8056
6876
5608
4925
2450
8025
5567
8675
8366
8309
9493
1986
4861
6042
1513
3289
8286
164
6858
4172
8123
616
1979
758
2766
1954
2850
4034
9453
8275
5667
2543
4683
2007
184
4958
914
9208
3315
8783
9968
9485
6881
6932
9363
585
6631
3725
612
1072
2164
7566
8225
2228
2406
9679
3383
210
9431
4402
8685
8995
9712
1253
7750
446
9770
2849
9602
5235
1445
3347
6958
5369
5475
4495
4409
4450
3063
1504
2706
1316
1773
8012
6276
7456
9590
8029
1540
6955
3262
8665
9233
2872
6547
7529
8340
8713
9000
7050
3100
8479
9803
1671
7220
196
1062
6838
5282
2653
6831
9511
2429
300
8275
7910
6300
3656
1484
4149
9116
2231
7288
1165
5846
8928
4702
5034
9743
9518
4259
1197
8048
3884
3446
964
2117
9075
3114
4627
9369
1769
3413
4504
3190
9138
89
5735
6460
6304
6635
1842
9880
2843
2329
3435
7517
3549
2916
2073
1629
6365
9237
2267
3462
8431
3851
7107
2433
5254
1224
2137
3477
2106
1319
351
5869
3824
965
9285
7811
6041
1837
1569
6981
7237
6851
1255
1908
4531
4172
1234
1149
5374
2186
7306
3558
7361
6085
4779
3303
3399
5740
5187
308
3424
8968
8237
6778
9623
5136
1058
1413
7114
7777
5973
4691
8586
9239
4293
3749
5979
399
1144
9410
424
4413
9066
2812
5815
7930
5586
1999
7958
7757
6061
8066
9208
6693
9094
6701
5869
3667
5946
3636
8192
9093
6252
6683
5798
3523
7866
9036
1836
8793
46
1986
883
4404
1297
2962
2540
1992
8640
5797
3079
715
8540
9222
1520
7199
6784
100
8222
1716
7740
4992
8968
8474
7799
8876
9257
1220
6170
7798
9347
2395
8967
3140
1921
3512
1308
1359
965
6099
4593
8486
726
4679
7655
9981
26
7630
6138
1757
4945
4628
1096
4041
8249
7902
3048
4807
8068
7786
617
9810
3627
3534
235
7552
4021
9294
5718
7655
5197
606
3610
6943
5193
6737
8894
2704
5499
7941
226
4455
3340
2248
7974
652
2375
1991
5310
8983
4040
3571
5067
66
9665
6377
3201
7450
7988
7638
2762
7364
9315
2058
8541
7307
8603
3264
6458
598
8369
7744
3861
4536
7463
4400
3093
9107
1410
3587
180
8879
1052
4024
7783
2880
6883
1205
7486
9166
7545
5557
3937
5585
1359
3515
7155
6573
4303
5664
3540
7240
814
8837
5142
1045
5604
2906
7519
3101
8815
9259
3119
6103
6287
3470
992
4975
9837
9760
1338
7237
7499
6782
132
6083
6888
7225
2589
8386
4604
624
499
7854
5143
9115
2034
2939
2533
3526
3621
5015
3807
443
2053
3481
3883
2659
5430
2690
5831
8282
7252
9722
9185
6905
7515
6645
263
2027
8724
7066
3929
5257
9676
427
1141
697
7135
9309
4543
2902
2059
8056
5349
3366
8277
3704
6933
7367
3900
5330
6537
6789
974
9551
3299
9966
9434
4034
3350
2537
4581
8410
1399
9370
9105
7232
365
9987
5221
7337
1221
2969
643
3072
9782
8050
9968
4945
7085
3601
3690
8273
944
5696
6120
8350
9321
9985
1052
8927
7144
8111
4472
2239
7934
8257
9913
9484
7716
7347
8558
6597
3348
426
4191
2776
9579
825
3307
3707
4232
6977
8804
7245
5248
2957
6225
3449
6440
4456
4709
5344
257
5755
5969
775
4388
5904
4010
1679
5588
614
8511
8772
4116
1022
3381
2054
6278
1583
1406
1310
2166
2795
672
6781
963
8485
9576
6188
2212
5722
3070
79
4320
9198
7204
2027
4534
2783
497
8208
1309
4040
4254
4880
3618
1504
9984
497
3365
1993
7118
4707
624
6521
3770
3492
6277
8892
3513
1347
5464
5819
3621
7294
6189
1067
6805
1824
1001
6031
7409
116
3586
1596
2166
3674
9081
2333
1898
4565
4005
992
1594
9993
6356
1139
6585
6584
7060
6164
8205
8181
7802
3813
211
9238
8455
4954
467
6950
4408
9048
4725
9542
2422
9769
6451
5769
8843
3999
5108
7006
3840
495
6885
9537
4148
3398
6046
1342
5351
3772
9
2692
6769
203
6298
6915
9827
2385
1705
8601
1839
8361
7450
1942
8705
9837
9522
4223
2013
4549
9285
7552
9775
8809
6883
9995
2393
7903
7218
4313
1292
1248
6058
8347
7926
2431
7152
6558
1687
2050
1533
102
9504
5052
2370
7941
1349
9936
9684
467
7104
1404
9538
722
988
382
7608
8605
3271
5782
2636
8868
5767
6801
3174
2494
1846
3919
2115
3193
1665
3499
7364
9662
9433
7377
1632
7089
2953
7288
3327
9902
5733
1244
7717
418
8696
687
1164
118
400
8484
7197
1605
8786
567
41
5563
4847
5072
9871
1339
7811
9884
8957
8244
26
4057
5256
7933
2288
9723
3489
437
8851
1273
5264
199
2131
1305
5363
977
9989
8308
8511
6139
5617
5636
7337
3305
3091
7969
4560
9266
5206
6576
6043
4537
3529
8453
7352
2181
7157
3340
6173
3067
5922
9828
8286
8228
499
8887
8660
5693
9267
8692
7756
4253
8909
5945
4243
5300
6280
1518
4753
3820
436
6993
1583
2853
1040
3736
6668
6968
6496
9062
6227
3178
5590
741
7150
4346
669
7639
5910
5333
1431
5186
6452
9516
554
4372
3175
3709
7660
7770
4439
9043
6011
972
9308
2016
7941
9087
5908
2535
2876
9118
9251
2639
7427
8080
3502
9673
6957
1881
7646
1717
9838
1658
7168
6462
5309
1983
113
1272
4742
5242
8712
3521
3563
4560
2297
2858
6530
9359
7579
9122
3519
3500
5632
3831
5503
4580
2682
2272
8575
3155
4777
6445
9330
2648
7050
2189
5478
6037
6541
6529
1246
1649
8074
1314
9634
9616
3881
1535
6203
123
3907
1221
8984
5781
3871
3136
6831
6430
4642
3229
7395
1695
2219
610
8719
4039
2822
5505
8006
6868
3067
8714
8001
4304
7347
417
521
4731
9527
3171
8635
6174
6526
8040
3358
2830
925
2879
2108
4670
1535
1659
5032
7433
4140
3297
9942
5868
8154
3442
4221
7916
8395
4574
2144
9321
8919
8013
7318
7956
921
240
9042
8014
1211
9170
656
138
2192
4776
4449
8445
253
739
7399
5820
1401
4949
425
5872
5628
524
3861
572
8507
474
6997
402
6009
6791
592
8930
993
9268
902
3412
6886
3637
6653
9928
8594
5511
1107
5864
8954
785
7381
1554
4500
1062
8839
6173
9715
8264
68
4429
2466
1556
8922
2916
4025
9918
7611
8733
6171
4838
7304
9070
8279
3900
7841
9303
364
3283
4515
972
7538
3414
5916
9882
8830
8285
8496
8024
4601
948
8570
7044
9546
9612
3275
5721
6030
1030
2040
9952
6727
8816
9823
2122
9221
8566
3944
2777
7282
4068
7817
9504
5073
6993
3852
6732
7568
6992
8768
9636
2883
2239
8259
1292
1116
6863
8990
2421
1976
5697
6393
7812
2800
6730
7315
1251
3218
7400
6637
1972
7560
277
2822
2202
370
3452
673
2931
3711
4038
3810
9397
599
7009
9969
1411
5289
7462
5398
3167
6124
1301
6978
7368
8001
8386
5572
6719
9291
1050
7914
4552
9297
263
908
5903
148
4988
1465
3265
3602
442
3804
5635
7225
2300
6042
9593
3604
9495
2970
9044
8862
1473
1538
862
1500
725
2178
8226
6454
7948
8467
4881
8973
3005
3509
2324
3981
5178
8683
1979
5408
2239
8372
6992
6483
4433
217
7873
1112
8672
661
9107
4467
9580
6905
193
8448
2274
8952
340
4072
3310
1752
4778
1162
9351
6564
5818
2499
9519
2766
6127
1926
5002
5628
6410
4028
7485
1988
1956
8190
2694
8206
9530
6155
4094
7822
9510
1849
5456
1533
2418
5726
9793
5567
8050
3915
8466
296
9073
2223
6383
4145
5397
5852
1377
6528
2224
1247
1221
6383
8029
3842
8071
4071
8105
9986
190
4813
8736
1831
9425
4091
7668
8024
8421
9006
6380
485
1233
2774
4095
1797
3110
8360
3327
2276
3283
2191
6881
2270
8700
944
3310
513
4821
32
8767
9134
8190
3000
9423
8820
9957
8695
3150
4693
9948
6250
4905
9425
6772
8254
6207
8247
4716
1089
5915
102
6945
3694
4191
8544
4389
9283
2508
4727
4829
4920
3471
3303
8824
4826
9191
2165
5493
9090
8698
6957
438
4801
8812
1985
3497
8727
9332
3771
7491
958
2904
9142
5109
6982
8023
9457
5083
3103
9411
3527
2343
7949
1793
732
6198
8589
9767
6212
2710
6747
1383
199
5451
7804
9448
2010
8056
5885
1145
8419
3558
3170
8805
612
7616
7788
4978
2767
5747
7077
2825
5966
3336
3196
1894
4078
9699
4803
7600
4336
4307
8447
1070
1009
9478
9229
3179
6964
1857
2417
7052
2930
9161
7934
9129
5292
3460
6710
7128